5.503
5.885
5.621
5.328
5.675
5.924
6.014
6.299
6.764
6.991
7.210
7.227
7.670
8.263
8.234
8.520
9.201
9.275
9.606
9.762
9.925
10.590
10.479
11.078
10.637
11.422
11.737
12.562
12.419
13.571
13.713
13.422
14.159
14.256
14.364
14.191
14.333
15.552
15.222
15.715
16.139
16.857
17.269
18.771
19.501
21.562
23.821
25.553
27.206
27.479
28.366
29.214
27.942
27.929
26.836
25.853
26.852
26.058
24.502
22.342
20.825
20.847
21.954
22.090
22.775
24.160
24.260
24.357
23.203
25.144
24.307
22.525
22.289
23.782
23.343
22.932
24.217
24.611
24.334
25.883
25.429
26.568
27.162
27.951
28.418
29.930
30.276
29.875
31.561
31.159
32.114
30.752
32.044
33.937
34.306
34.013
36.761
35.334
35.701
37.494
36.347
36.170
37.003
38.894
37.680
38.810
40.242
42.202