4.333
4.432
4.443
4.403
4.450
4.593
4.635
4.840
4.946
5.151
5.229
5.344
5.567
5.733
5.806
5.870
6.111
6.313
6.233
6.344
6.616
6.907
6.825
6.846
7.023
7.268
7.348
7.352
7.611
7.771
7.631
7.550
7.869
7.990
7.956
7.794
7.886
8.320
8.367
8.312
8.637
8.911
9.142
9.354
9.760
10.369
10.922
11.493
12.261
12.997
13.331
13.408
13.480
13.716
13.578
13.503
13.391
13.435
12.967
12.198
11.504
11.690
11.618
11.736
11.824
12.102
12.000
11.930
11.824
11.812
11.339
11.145
10.972
11.072
11.084
10.931
11.041
11.167
11.128
11.082
11.100
11.406
11.315
11.285
11.764
12.192
12.124
12.026
12.166
12.528
12.670
12.529
12.647
13.152
13.160
13.179
13.407
13.628
13.697
13.638
13.618
14.002
14.145
14.176
14.124
14.350
14.731
15.014