4.822
4.818
4.768
4.886
5.006
5.038
5.330
5.259
5.458
5.701
5.857
5.964
6.227
6.285
6.511
6.713
6.852
7.139
7.446
7.401
7.204
7.367
7.477
7.512
7.161
7.434
7.418
7.577
7.719
7.704
7.556
7.586
7.741
7.844
7.649
7.793
7.610
7.662
7.929
7.954
8.237
8.731
8.858
9.094
9.576
10.011
10.822
11.553
12.581
13.018
13.144
13.960
14.144
14.431
14.056
14.348
14.198
14.608
14.124
13.298
12.508
12.907
12.617
12.730
12.815
13.075
12.844
13.182
12.904
12.640
12.272
12.030
11.734
12.351
12.290
12.004
12.202
12.343
12.595
12.330
12.388
12.771
12.702
12.726
13.042
13.329
13.641
13.242
13.795
13.451
14.368
14.094
13.855
14.721
13.867
14.497
14.883
15.271
14.875
15.431
15.294
15.787
15.980
16.084
16.237
15.685
15.831
16.643