2.781
2.782
2.906
2.68
2.611
2.556
2.696
2.833
3.01
3.102
2.609
2.991
3.014
3.136
3.173
3.402
3.591
3.677
3.562
3.893
3.961
3.968
3.427
3.975
3.969
3.831
3.652
3.602
3.647
3.945
4.37
3.758
4.09
4.233
4.221
3.957
3.948
4.147
4.118
4.164
4.688
4.402
4.146
4.629
4.824
4.924
5.345
5.309
5.873
6.079
6.187
6.855
5.818
6.504
8.351
7.031
6.445
7.512
6.789
6.837
8.048
6.602
6.447
6.573
5.413
5.999
6.623
5.684
6.087
5.865
5.546
6.356
4.434
5.006
5.607
4.705
4.715
5.345
5.209
4.417
4.371
5.354
3.658
5.023
4.108
4.577
4.438
4.25
4.673
4.83
4.667
4.948
5.126
5.762
4.402
5.27
4.605
5.266
5.234
5.408
6.802
5.934
5.844
4.939
4.371
5.573
5.809
5.822