2.493
2.675
2.512
2.593
2.55
2.537
2.552
2.55
2.551
2.662
2.578
2.568
2.873
2.813
2.717
2.789
2.769
3.046
3.07
3.052
3.365
3.222
3.081
3.253
3.299
3.391
3.241
3.272
3.474
3.738
3.497
3.605
3.809
3.867
3.844
3.95
4.1
4.024
4.28
4.188
4.293
4.645
4.367
4.502
4.787
5.109
4.948
5.013
5.745
5.516
6.085
5.683
6.001
6.016
6.333
6.098
6.369
6.418
6.498
5.94
5.635
5.675
5.993
5.288
5.337
5.41
5.399
5.064
4.706
4.954
3.982
4.672
3.239
4.603
3.723
3.093
4.591
3.815
3.143
3.151
3.357
3.269
3.453
3.232
3.312
3.775
4.155
2.715
3.215
3.753
3.542
3.341
4.061
4.18
4.015
4.041
4.27
4.088
4.898
4.311
3.845
3.577
3.782
3.3
4.117
3.862
4.442
3.993