5.692
5.707
5.816
6.046
6.125
6.094
6.310
6.676
6.906
7.078
7.389
7.706
8.000
8.284
8.328
8.335
8.545
8.977
9.085
9.170
9.204
9.533
9.662
9.368
9.474
9.765
9.712
10.136
10.248
10.167
10.269
9.776
9.941
10.490
10.725
10.411
10.683
10.962
11.039
11.024
11.597
12.494
12.416
13.318
13.959
14.935
16.208
17.117
18.057
19.563
19.794
18.904
19.472
19.488
19.202
19.118
18.721
18.847
18.382
16.811
16.330
17.136
16.981
17.086
17.445
18.566
17.997
18.320
18.650
17.780
17.842
17.072
17.366
17.923
17.626
18.174
17.877
18.240
17.922
18.202
18.057
18.164
18.303
18.629
19.649
19.826
19.833
19.583
19.889
20.660
20.572
20.067
20.387
21.119
20.874
20.358
21.076
22.495
21.827
21.717
21.951
21.981
22.847
22.831
22.481
22.953
24.167
24.594