4.020
4.086
4.165
4.261
4.276
4.418
4.463
4.721
4.791
4.987
4.903
5.022
5.382
5.520
5.814
5.812
6.198
6.109
6.517
6.249
6.509
6.644
6.789
6.568
6.772
6.800
6.951
7.377
7.024
7.217
7.172
6.777
6.952
7.319
7.186
7.165
7.169
7.402
7.236
7.536
7.544
7.906
8.176
8.222
8.402
8.991
8.858
9.278
9.983
11.181
11.201
11.726
11.369
11.649
11.571
11.965
11.567
11.752
12.031
11.817
11.065
11.494
11.392
11.291
11.584
11.660
11.781
11.502
12.048
11.874
11.189
11.723
11.351
11.197
11.551
11.774
11.561
12.340
11.545
11.717
11.622
11.849
11.968
11.961
12.472
12.919
12.326
13.116
12.404
13.333
13.711
13.518
13.528
13.881
14.143
14.653
13.927
14.073
14.022
13.657
13.939
14.201
14.281
14.660
14.197
14.211
14.197
14.154